Version 0.9.7
5
 4 11 134 77 128 0 1
 5 80 400 206 81 2 2
 0 123 64 877 276 8 3
 1 224 407 206 81 140 4
 3 626 404 203 58 150 5
 0
26
 0 5 72 247 72 247 72 325 72 325 176 325 176 325 0 1 0 3
 0 5 189 325 189 325 189 325 189 312 189 312 189 312 0 3 0 3
 255 5 72 148 72 148 72 78 72 78 176 78 176 78 0 1 0 3
 255 5 189 78 189 78 189 78 189 91 189 91 189 91 0 3 0 3
 255 5 345 91 345 91 345 91 345 130 345 130 345 130 0 3 0 3
 255 5 527 91 527 91 527 91 527 130 527 130 527 130 0 3 0 3
 0 5 423 273 423 273 423 273 423 312 423 312 423 312 0 3 0 3
 0 5 618 273 618 273 618 273 618 312 618 312 618 312 0 3 0 3
 0 5 202 325 202 325 202 476 202 476 239 476 239 476 0 3 0 4
 255 5 267 91 267 44 4 44 4 418 239 418 239 418 0 3 0 4
 0 5 566 325 566 325 566 441 566 441 637 441 637 441 0 3 0 5
 16711680 5 618 169 618 169 618 3 280 3 280 418 280 418 0 3 0 4
 16711680 5 605 169 606 169 606 15 299 15 299 418 299 418 0 3 0 4
 16711680 5 592 169 592 169 592 27 318 27 318 418 318 418 0 3 0 4
 16711680 5 605 234 605 193 331 193 331 418 337 418 337 418 0 3 0 4
 16711680 5 605 273 605 273 605 401 340 401 340 234 345 234 0 3 0 3
 8454016 5 579 234 579 206 848 206 848 487 672 487 672 448 0 3 0 5
 16711935 5 566 312 566 312 566 312 566 234 566 234 566 234 0 3 0 3
 16711935 5 358 273 358 273 358 389 553 389 553 273 553 273 0 3 0 3
 8453888 5 592 234 592 211 839 211 839 471 692 471 692 448 0 3 0 5
 16711935 5 501 78 501 78 501 234 501 234 527 234 527 234 0 3 0 3
 16711935 5 345 260 352 260 352 44 540 44 540 169 540 169 0 3 0 3
 16711935 5 345 273 346 273 346 53 553 53 553 169 553 169 0 3 0 3
 16711935 5 566 91 566 91 566 91 566 169 566 169 566 169 0 3 0 3
 16711935 5 657 325 657 325 657 9 579 9 579 169 579 169 0 3 0 3
 16711935 5 540 273 540 273 540 431 540 431 337 431 337 431 0 3 0 4
2
 7151 1 16 521 182 5 0 0 0 3
 7004 1 14 339 182 5 0 0 15524 3
