Version 0.9.7
7
 4 150 359 77 128 0 1
 5 80 400 206 81 2 2
 0 254 283 877 276 8 3
 1 581 111 206 81 140 4
 3 545 660 203 58 282 6
 1 335 111 206 81 291 7
 1 921 109 206 81 301 8
 0
29
 0 5 211 472 211 472 211 544 211 544 307 544 307 544 0 1 0 3
 0 5 320 544 320 544 320 544 320 531 320 531 320 531 0 3 0 3
 0 5 359 544 359 544 359 697 359 697 556 697 556 697 0 3 0 6
 255 5 211 373 211 373 211 310 211 310 307 310 307 310 0 1 0 3
 255 5 320 310 320 310 320 310 320 297 320 297 320 297 0 3 0 3
 255 5 333 297 333 254 313 254 313 68 350 68 350 122 0 3 0 7
 255 5 554 297 554 297 554 119 596 119 596 122 596 122 0 3 0 4
 255 5 892 297 892 297 892 120 892 120 936 120 936 120 0 3 0 8
 0 5 1074 544 1074 544 1074 206 936 206 936 178 936 178 0 3 0 8
 0 5 1022 544 1022 544 1022 208 596 208 596 180 596 180 0 3 0 4
 0 5 996 544 1010 544 1010 207 350 207 350 180 350 180 0 3 0 7
 255 5 619 310 619 310 619 310 619 310 619 349 619 349 0 3 0 3
 0 5 762 492 762 492 762 492 762 531 762 531 762 531 0 3 0 3
 33023 5 632 492 632 508 233 508 233 9 448 9 448 122 0 3 0 7
 33023 5 632 349 632 328 242 328 242 18 429 18 429 122 0 3 0 7
 33023 5 658 349 658 329 252 329 252 28 410 28 410 122 0 3 0 7
 33023 5 684 349 684 327 259 327 259 35 391 35 391 122 0 3 0 7
 16711680 5 619 492 578 492 578 13 694 13 694 122 694 122 0 3 0 4
 16711680 5 645 349 645 337 583 337 583 12 675 12 675 122 0 3 0 4
 16711680 5 671 349 671 337 580 337 580 16 656 16 656 122 0 3 0 4
 16711680 5 697 349 697 337 579 337 579 19 637 19 637 122 0 3 0 4
 4259584 5 1034 120 1034 120 1182 120 1182 507 684 507 684 492 0 8 0 3
 4259584 5 1015 120 1015 120 1180 120 1180 505 671 505 671 492 0 8 0 3
 4259584 5 996 120 996 120 1186 120 1186 508 658 508 658 492 0 8 0 3
 4259584 5 977 120 977 120 1185 120 1185 507 645 507 645 492 0 8 0 3
 65535 5 723 492 779 492 779 775 651 775 651 704 651 704 0 3 0 6
 65535 5 736 492 800 492 800 780 631 780 631 704 631 704 0 3 0 6
 65535 5 749 492 831 492 831 788 611 788 611 704 611 704 0 3 0 6
 65535 5 762 388 861 388 861 796 591 796 591 704 591 704 0 3 0 6
1
 7181 1 24 613 401 5 0 0 1480 3
