Version 0.9.7
5
 4 53 167 77 128 0 1
 5 80 400 206 81 2 2
 0 202 96 877 276 8 3
 3 542 16 203 58 140 4
 1 372 387 206 81 149 5
 0
17
 255 5 114 181 114 181 114 110 114 110 255 110 255 110 0 1 0 3
 255 5 268 110 268 110 268 110 268 123 268 123 268 123 0 3 0 3
 0 5 114 280 114 280 114 357 114 357 255 357 255 357 0 1 0 3
 0 5 268 357 268 357 268 357 268 344 268 344 268 344 0 3 0 3
 255 5 437 123 437 123 437 123 437 162 437 162 437 162 0 3 0 3
 255 5 606 123 606 123 606 123 606 162 606 162 606 162 0 3 0 3
 0 5 515 305 515 305 515 305 515 344 515 344 515 344 0 3 0 3
 0 5 684 305 684 305 684 305 684 344 684 344 684 344 0 3 0 3
 0 5 294 357 294 357 294 456 294 456 387 456 387 456 0 3 0 5
 255 5 320 123 320 123 320 398 320 398 387 398 387 398 0 3 0 5
 16711680 5 428 398 428 398 428 266 428 266 437 266 437 266 0 5 0 3
 16711680 5 447 398 447 398 447 266 447 266 450 266 450 266 0 5 0 3
 16711680 5 428 411 428 411 428 426 606 426 606 266 606 266 0 5 0 3
 16711680 5 447 411 447 411 619 411 619 411 619 266 619 266 0 5 0 3
 65280 5 463 266 463 266 562 266 562 60 588 60 588 60 0 3 0 4
 65280 5 632 266 632 266 646 266 646 77 608 77 608 60 0 3 0 4
 2105376 5 359 344 359 344 359 53 359 53 553 53 553 53 0 3 0 4
2
 7086 1 14 431 214 5 0 0 11044 3
 7008 1 14 600 214 5 0 0 11044 3
