Version 0.9.7
5
 4 283 364 77 128 0 1
 5 80 400 206 81 2 2
 0 370 283 877 276 8 3
 1 1278 345 206 81 140 4
 3 1075 606 203 58 150 5
 0
24
 0 5 344 477 344 477 345 477 345 544 423 544 423 544 0 1 0 3
 255 5 344 378 344 378 344 297 344 297 423 297 423 297 0 1 0 3
 0 5 436 544 436 544 436 544 436 531 436 531 436 531 0 3 0 3
 255 5 436 297 436 297 436 297 436 310 436 310 436 310 0 3 0 3
 255 5 982 310 982 310 982 310 982 349 982 349 982 349 0 3 0 3
 255 5 592 310 592 310 592 310 592 349 592 349 592 349 0 3 0 3
 0 5 670 492 670 492 669 492 669 531 670 531 670 531 0 3 0 3
 0 5 1073 492 1073 492 1073 492 1073 531 1073 531 1073 531 0 3 0 3
 16711680 5 1073 388 1073 388 1073 339 1334 339 1334 382 1334 382 0 3 0 4
 16711680 5 1060 375 1060 375 1060 331 1353 331 1353 369 1353 369 0 3 0 4
 16711680 5 1047 362 1047 362 1047 322 1372 322 1372 356 1372 356 0 3 0 4
 255 5 1190 297 1190 297 1293 297 1293 297 1293 356 1293 356 0 3 0 4
 0 5 1190 544 1190 544 1293 544 1293 544 1293 414 1293 414 0 3 0 4
 65793 5 1060 544 1060 544 1060 643 1060 643 1086 643 1086 643 0 3 0 5
 8421504 5 1021 531 1021 531 1021 531 1021 492 1021 492 1021 492 0 3 0 3
 8421504 5 1034 349 1034 228 937 228 937 531 1008 531 1008 531 0 3 0 3
 16711935 5 982 453 982 453 982 510 378 510 378 417 344 417 0 3 0 1
 16711935 5 1021 349 1021 349 1021 349 1021 310 1021 310 1021 310 0 3 0 3
 33023 5 1391 369 1391 369 1514 369 1514 503 592 503 592 492 0 4 0 3
 33023 5 1391 356 1391 356 1391 208 990 208 990 362 995 362 0 4 0 3
 33023 5 995 349 995 349 995 349 1008 349 1008 349 1008 349 0 3 0 3
 16711808 5 605 466 605 466 605 472 1008 472 1008 466 1008 466 0 3 0 3
 0 5 1060 479 1060 479 1060 479 1073 479 1073 479 1073 479 0 3 0 3
 8454016 5 1034 492 1034 492 1034 711 1121 711 1121 650 1121 650 0 3 0 5
2
 7151 1 16 976 401 5 0 0 0 3
 7004 1 14 586 401 5 0 0 15524 3
